88 8:19) 88

*ιι-*ψ*

Μ. Sinus. Tarigvns. ΗΜ

uffl ka—--n--nn--nun--m- ι...-

9 96999 96 976999 96 9 9649496 99999494
99 9⁶51⁶88 9 8909 99 9 9646999 49966996
99 96449 99 96499969 9 9842589 ι9 9649449
¹³⁰ 9696999 99696649 9969999 49 999699
20 9628490 35 69994 99835582 10 9999996
10 9669994 352698388 9 969999 99· 9999999

9 96496 99 996944 49 9 9696496. 99 949999
99 96999 96 944999 99 9 9699994 19 9999997
49 99964 18 9449 94696 99691999 99 9999999
99 9966999 99999994 99697979 69 9969 9999
99 99 9699 99499996 99 813608 99 9997969

95 15 49 3395 99 91 9 9809805 10.5191989

9 99 9996 99996999 69699 969 99 9946699

994969 9994
95371 ⁶893171594 99994999 99 9949999
99969 82 31397194 9· 9999999 99 :4968908

49 9519514 94964999 997861‘48. 10 9999 98
’ 9 9999969 999966 35 99969969 19 46699

40
30
20

10
5017554503363 92·ξὲ gagg& 9955999999 ,

50 950 9996 304749· 45 9 9777938 10· 9‘83 94²5· ’

40 94924.26,30178301 99773772 ¹0· 479 6948
20 94739· 29

422 9 9765918 10 4999999 .

99 946996 99ἕ9699999699 694994699 ’
6

669 99961999 Ι946 99 84
058495185 2981098Mwst 104

10 9484616 299

99 94496 99 96969979 99999999 69 49 9969 ,

49 9946969 985023 49 99949996 9949466 699
49 99641996999999 9 9949466 19· 4996999

²⁰ 94666 65 27980198 9· 9738971 10 4469503 ·· ¹

,Um . . ’,4.

,

 

h·
ι
ι
Ι , 4
ἱ
Ι

