90000

muranum-n

[Gr. M. ,Sinna Tangem. Lugu- Sin. Lpgffang.

h- uuu-—n--t—- -n-—n— -ῌΛ

15 049989900079490 94009900 94080909
10 2⁶1⁶2.77 2710⁶·93 94070897 94990804

· · 20 0044940 0740944 94009070 94980987

90 0070984 0779049 94008988 94409999

- 40 0700409 0804997 94904080 94478704
2⁶ 9 99849 99999, 9998899989
·- ¹0 999909 90808 00907 0999
, {33234013323‘3523-'33 39439408 94700048
- .40 28680·32 0999804 94979840 94700099
’ 90 0899887 900990 940078ιο 94808000

. 07 009097· 07 9097907 94099899 94899990
0 9999 9999 9998 949999

Α ’ 939007098990988 94780408- 94987009
. 40 9094788 90849 98 94800009 99090090

8 1899999799 99899 9999
10 {ms-22 9080987194998999 4 99000979

, 00Ι 9049448 9909099 94970804 99009090
90 9079047 9949999 99004704 99049099
88881888ῑὲ888 88888 88888
94Ι 09099080 9449070 99000409 99909709
10 32831.72 34758.46 9.5162936 95499696
0099000949908489 99099000 99490099

= 90 99980099940080 99094999 99490487
40 9909479 9979990 ,99070409 99990490

90 99908-99900099 99909090 99970004

 

