9· 838'8494 4.· 227886¹ 7 4, 4297523: ι’ 4670464
6·849698999994489 9 498698. 1 9689997

1851258342319461 2 4999699· 49699799 “

’9897999949 9999989ι 9· 49699249· 9 9799494
’886 88888 ’8 8888898 89888789 88888889

48875061382430380 '84393327 45740313 2
41880813622455127 ²4409091 05751878

1 18164407 9 9479799 24494798 9 976 4499. ·
89896946 88ξωῖ6 98886888 88778848
41447617111518530 94496949 99786999
9 19030900. 9 9999799 1 4479986 9 9797896

9 ι9ο848999997678 94487669 99899996

9 1 9198198 49 669794 14502441 1 98996 94· ·

3 1.9190781'2 9694999 4.4517864 9. 4339988·
419949799 99 649978 9 499989 9 9849919

51429418901671717 ²4548449 1 9894667. -

6··;999449849·69 99999 145 3 015865878 .
419495142'60171841 14578819 9 987769
81444482721441548 99999999 1 §888317
440·'·⁶1944³900217⁶4 8 94668978 29899496

....... ....... ....... ...4,

¹1954242542787546 14613981 ² ⁵910⁶4⁶
41 99999494 2'· 2810334 9 4 698996 99 9999768 -
99 99 697878 2 9849699 9 46998989 9· 9999869
9999684899 9899979 94 666867 ’99949999
4414741278 ’9 987867 94689479 1 9994969

99997999 99999996 14648494 49499494- ·

969989979 2291>1 Ι4716947 9976999
97 97867797 9 9944669 9· 4797964 99987969
98 1. 9479767 99466699 9. 47447634, 74448839

44199563 35²2·2988531 94796799 9 9729

9019000000093070340 24771212 a. 6090600 -
mnam-mmm..

88

 

