‚33 3. 5185139 ²·123851.⁶. 2.3673559, 25
· 3413314789 11171638 13691139 13137363
381334668611313338 13716679 13196438-
3613363613 11333389 13719116 13163393
3⁷ L 56821217 21367206 2·3747483· 25276299
1 3813797836 11398791 13763771113189167·
39 1· 3911646 · ,11436148 13783979 13311999·
4016071699, 93463393 93893133 15334739
31 38117839 11491191 13816171 1331739
,4116931493 1. 3333333 33933334 25340261
4316334683 11393366 ,13836663 13331941
,4416439317 1138361313873898 13363384
4316331113 1161368613891661 13378191

1 3616637378 11633318 13969391 13391761

3716716979 11673113 13916969 ,13413193
,4816311411 11711617 «13931317 13313791
4916961961 11731863 ,13961993 13418134
3616989766 11766919 13979469 ,194411616-
3117173761. 11789769 13996737 13333171
3117166133 11181143613614663 13463419
3317141739 11836919 14631113 13377737
341731393111873117. 14638337 13496133
3317413617 1196331714663461 13361189
κῆνσον-ειη Μ W pust-m·
3617481881 1193114614681411 13314311
3717398738 11938996114699331 13316681

, ,5817634933 9339863733 34336397 ²·5538830¹
= 3917768911 11613971 14131998 ,13936933

6ο 1·.7781512÷ 2.- 20411200 2. 4149733 ²55⁶30²5
6117833191 11668139 14166413 13373671
,6117913917 11193131 14183113 11338716

. 6317993413 11111876 141999371339916

⁶4. 33963333 93348438 24216039- 255611014
631111919311173839 14131439 13611919

9339ς439 22201081 24248816 25634'511
*ΨΜ-ΓΜ

 

