94· 899) ffl

mmm

8. 8878788. Tangens Lo'gar. 8747. kogTangs

-n—AEU—-Q-——u'd—bh'm-flb'ffl ⁴

6 99969 46 7494794 9 9769898 96. 49 989949
999fflvmfflwmmwwfflw99
9999999997896999
wwwn7fflsswmwwwffl9
66 99964 99 9468 67 99796996 96 4694699·
ιο 99469 8966 279141· 9· 9766846 494199108
6 9999834 666 508-9919701417 19 4148 96
wssmwmwww449w97

46 9314797195904649' 9 969179 94 19 4689988 . ,

49 93941 73694 864 793 9 686 779 Ῑ’64646669
66 999479

96868 98649468 869 9 9 676 99 68999964
5397 0903 2454305199 58 10 3899641
94844449 4444 44444
66696636 64 ’49448 89 9 9 9899 ¹9 796448
’9393333 837383 36333333
6999644 6969 8739694877, 96468649
,9388988683 7888633638 3389343393638698
’3ιὸ 91⁶0( 01 89338 95 3 3693338887 ,3686388
’99 3838363 998883336938 463 83338 9 27
10 9147247 9293735' 9· 9⁶12904 10. ’8748657

,88 {92824'96 ¹124·959661 9 9676749, 10 89768 887

,6947--6996939 8978419 4009099 . ’

721481 ,

469 84 6668· 9696 9 966699 999480258 ·

ς8813833433 994683 ’68 3. 9607309 849· 3394 887

46696697 6681 4694 99 999964 66 8446968 ,
9396996- 13 69946999 999 996668 ¹9³ 8466966 .
46 ’96879 11 21774920 99 984496 ’9689 99966

6666 6946964999 ’

 

