400 500 666

nau--Q———n—-n-o-n

. 67 46644464 47444844 48444448 48447444
¹ 84 67644484· 7444484 48447764 48444644
6446744748 47444444 4 8444464 ²· 8844464
76 467464744. 74 48748 4 8464 4748 4. 4884447
74 4. 6736469 4 756 6361 48467445 48876544
74 67444464· 7474464 4 8474644 48876474
74 7446 444 7484446 48486444 44487744
744· 6747784 ²· 7589119 4. 8486444 4 888744ο
. 74 4 6766446 474466 74 48444644 44844447
76 4 6776669 47664445 4. 8499467 488986 87
774 6784444 47 644748 48464887 48444446
78 8² ··674’44744 7644478 4 4444447 4 8464746
79² 6844444 4· 7646 746 4 8448648 4-8444474
802 6868478447 34280 48345689 8489444946
88 4. 6888458 8. 7648768 48338478 2. 8946 586
v 844 6844476 ² 76 649230 4 8447844 48444667
444 6644447447 46444 ιε444467 4844764 46
844684844446764448 74446464 4844446Ι
84 4 4847447 4 7674444 4 8446466 4 4448646
864 6866464 47674476 4 84644 44 4 844444
’ 874 68744444 7686 444 2 8464467 4 844 47 47
884 6444448 4 76 44774 4 8474884 4 8464468
894. 689368947768853 48388894 48976776
ιιι-ι ----* t--a-*fl ann-n·— aun-..n—
96. 4. 6901961 4. 7768546 4 838849i 4. 8976878
912 6446844 4· 7744874 4 8444786 4 8484764
984 6.98965877773887 4846866 1 48987 5² ’
44 4 64484644 7746447 48467444 48444744
44 4 664474 44 7747864 4 4444444 48448444
44 4 64466444 7744476 48444848 4· 4664674-
464 6444847 7744464 48446644 44664444
97² 464644644 477644744 48444448144644484
46474 2992 776 012 44 8448444 ² 4644444
444 64846644 477744 68 48444774 44664468
466 4 64847464 7744444 48446446 4 4644466

wau-mn·-

 

