”’466 ”’”’8’66”,“7” 600- ”’769” .

-.-4 :cd-'4 8644- .;..... ’

96374897 9’7978493 989998 893 '2865696'1‘
2⁶38489 873 97 7983838 9869773. 98 669879
9639488, 97999648 98934879Ι 98668778
96464894 97999748 98949484 98674678-
96494749 97397893 ’98948 97 98689864 -

96494648 97398888 98988999 98686444 .

8⁶4345⁵87¹ 97343938. 28061800 786 92317
46444886 97389973 98968889 98698979

9ἶ6484993 97389993 98978389 98794939 -
’96464937 .9.-.87347998 9 989999 98799888 ;

96473889 997888989 98988889 98798799

,ῆι-νο* *a

96483669 ²·7363965 2.8·095597 28721583
96493349 9·9673799 98999398 98797388,
46503075 ²·7379873 98869643 78733766 .

46544780 27387800 28115750· 28739016 ’

4654446 3 47394743· ’48144447 48744898
68 2125 974636 677478879834 787 6683

26541765 97643881 7 8135810 28756399

96554384 47449394 48444476 48764973
6869987 77477784 28149132 78767986
6876888 ²7435098 98988777 98773793
,6886894 97447936 ,28162413 -.787794691 ,
6889648 7489748 989 69938 38788998 ,·

mut-¹¹⁸. m* “uu-t—

..7779989 97477889 Ι97978684 9879969789
96683667 :88741388'28888888 88882488
2.6627578 97939839 98998439· 98898936

56637009 97483693 28202015 2‘8813847 ,

96646476 437497 363 787988 80 28819550
96688886 97868684 78988738 28825245
:.6665180 97887794 ’468449 89 ,44883993
96674879 97376484 78778986, 38836684Ι
96683889 27528164 98934749· 98849988
6693469 47535834 46444453 48847954

 

