99 (9‘) 99

muz-*mmmm ν

Ι800 ,000 -ιοοο 1100

fluum* *an-nu·

72.9380191298542(55 3·⁰281⁶44 30670708 ¹,
8039 8997 0-80 98793 3 0089700 90674429

99999979800883098 30080777 3 0078049 · ·
939399492298 7727 3·0293 838 30681859 *
129900181 0 9870090 3 0007 809 3 0089909 .

0 0 0409009 0 087 03 9 0300948 ¹ ..3 9889070
4 4,,9478740 0 9884408 3 0305997 30692980
4000409044 9885589 90300043 30999691
80940008000800040 38030409 30700370 f

Ι0009040008 4408 0908003 30704079 .

9940999- {fn-8989& 99330399 Ξ-ογο 765
094340492990393-880030188 3070443·
94 988 29967827 326336 .24 30715138

2944482729912215303 4237 36778800 , .
2944975 0 00000000 3039809 97· 30700400 ·

00494080 0000 1115 930 40073 3007 ⁶175
00490· ·07 0 9009 999 30340084 90709847
0940 4903 0000 9951 30390003 3 0799907
00400433 0·943000 0303 4037 30797183

294745372 ·3‘)9 8769. 3663 8298 90740847 .
29479236 29943272 8ἓ63 22 95 36744867 -

2-294841302499479 30900 080 30748004 .
09480008 0 ·000900 3 Ι 9 0970070· 3 0790878 ·.

w.-——-*——mfflffl-

0940300009090390 30974009 90799470 , ·

2 9498777 2 996 6⁶073 3 6 378247 86799228

0 0903 048 0 00 09007 90382 226 90762762 ²

2· 9368424 2· 996 9492 3 6386 008 3 ογ664ο4
0 0903379 00979 804 3090043 90779994 ,,
2Ἡ95282392997823 2 3322394840 90573679
2952308029982593 30308009 97077399 .
0090700400080090 3040000 000 30780040
009307 3040 9991905 3 0400009 3 ⁰789 89

0 0997907 0 00090 55 3 0400077 3 0788009 , .

00940409 00000000 mngw ·

 

