b..- -m——n—nu' ndu-04..- ...20-

- 00 0 5000000 5770000 00080700 07004004

00 7007070 7800070 07000708 07040700

20 7070000 7870007 07000070 07070570.. ¹

· 70 7077080 78004· 70 07054080 07700487 ’

· 00 5000000 5000000 07070004 07700007

¹ 70 7007007 5000084 07007000 07770077

37 o 51503.8160086.06 9.7118393 mm?

70000 70777 77000 7777

'· 00 50040800008008 07080750 07870000

, ’ 00 700070000080-’00100000000 07000708 .

8 0 7000 70070000 7007 ·

ᾗ 00 7000800 00800507 07000040 07087007 Ν
00 7008040 0000870 07070070 08000077

00 7070000 0070000 07000005· 0800707

40 7007707 0400οῑ70 07007000 08000707
50 5400070 04707- 07 07040777· 08007480
07 0 7440000 0404070· 0 7000088 08007074

10 7470700 07075·οῑ 07070070 08050707
00 70070· 00 0577000· 07000748 08780047
00 8700070 06008. 70 07407707 08707800
· 0 070 7707 0000 0000
34 ’0 7700000 0705087 07475007 08080874
00 7000000 07870 00 07404087 0800700οκ

¹ ’, 00 7040007 0800000 07700740 08004040

· 30 56640.62 6870800 9·753¹280 928371343
405568802169157-24 07740004 08008077

. 505711212695382 1³ 07707707 08005070

 

 

