6649866Ι

Μ. Simu·- {ungena Logar. iu· 6δὲ· Α η’ ’

- 0 9699994 47949998 99979996 9999846948 .
50· 8645⁶·73 17:047„3⁶ 9=93⁶7988 10·235,⁶,480

φ 869464 1-70901.169.9360621 10.2327459 ’,4
99. 8999999 96976999 9 9999994 49 9998999, ΐ
20 8699999 96864968 9 9949738 99999679.

10 89866 98 86799988 9 9338222 19894998]
6-9 8979979 166497499 99999696 10· 2212253
ε 50- 8996944 98499669 99993949 99989699

49 8949984 96997976 99999974 49999996

39 8996999 76918997 99967698 1699996899

20 85111466 ¹⁶2124=⁶9 99999894 1999934499

ιφ 84958060161074217929292073 1699979999
ο 8489418116003304599284205 19994979
9 50 8469999 99999938 99976989 96999499 ’
2 49 84499 98 Ι979897999988994 99· 9986949
30 84999 14 89696696 9. 9966999 10· 1998999
99 8498949 99999999 99949998 10· 9999986
10 8402913 88497656 99844098 8041998580·
9 8488996 99998699 9 9949994 99874896
96 59 84798. 97 94399993 99997684 10·1847205
40 8354878 152042,61 99999407 49989659

- 30 83388258 151083.52 9·.9²110⁶⁶ ⁸0=129²17¹2

· ,20 83227.68 150.132.8{2,9.92026,78 9997644796

· 10 8996697 44999998 99494997 9997974498 ·

0 6999996. 140256·10,9·918574² 1997964999

94 99 8974974 94799989 99977994 10.1682907

4984977499Δ 94649947 99468999 99 9699794
‘ 3⁰ 8949969 9499999999999997 10· 1998697 .

. 99 8994799 94499899 99459998 10· 4694699

· ·› 1082081.7ax43702.28m9.9142464 10·1574⁶49

 

