4449748, J

m ·

Mt , ’74444Δ magar. Sin, ,139745Τώ3.
9 9969978 44444969 99474747 49944974
49 99497461498494999488444 4979 74
4ο 9998948144449948 99469844 44944, 48
49 9974844 49964496 99444884 49944949
83 3333 383838 ,88888 83888
9 8987949 794999 98 99446694 4984864888 ’
7 50 89794444 96959964 9394944448 4999864494
49 8964984 4949486999494488 4966448844
= 49. 8949949 79946897 99447949 8497944647
. 20 89363·27 4994464799944599 7949948779
10 8999994 497684. 49 99494499 494949698
; 8949964 49676494 99498899 684898838ἐ ,
44 50 8896844 49484774 99499949 49489747
. 4ο 833499 499479499399484844 4994466444 ·
· 30 88701208 49499844 99479489 49984949
,, 99 8856639 4 74447 ,9474689 4993444444·
f 49 8849994 4 999974 99466949 94779794
·· 49 8849476 48897964 «9449949 49474946 ·
68 99 88157·82 48676993 99494699 4449749839
4ο 384449. 44 8484464.Ι 59 99444894 4996844446

30 8⁷8⁸¹·71 68847799 99498984 4484644446 ¹

20÷8774254 182906.289.943210210.2622286 -
’ 8078769969 43464894 99499474 4944994948

⁴ 637464, 34446478 99448493 6988683438 j
69 49. 87949 48 47947964 9944446649448888Ῐ ’ 3
. 401871784⁴ 47794994 99494994 49480866 τ
’ 99 8794447 47674949 9 9996968 99474489 2

²0 8689996 ,47444494 99989796 49 4444448
. 4986787464 47447444 99984476 4994444849 Ι

mq-——m

03

 

