99 999, 999

, 49, 99499999 969979499949497 99699699
, -10 9447999 96796 99 99979969 99649999.
· 99- 94798 99 9799799 9. 9499994 99699799
’99 9999974 9798947 99449999 99797977
·’ 49 49999 96 977999 99476999 99769769.
x 99 9996999, 9999999 9.,999999 9 9999999
99 99999679 99996·499.,9,94999999949774
10 96999, 99 979999 9 9976969 9 9979499 ‘
ᾗ 99 96. 99 9999949 9699946 99996994.
,· 999 9999 9999999 99649794 99999979
49. 96999 69 9979746· 9. 9679699, 9 9999999
99 97999994996469 99794999 96997699 ,
99 997469 66 49499. 99. 99799794 96964996 .
, 99 9779999 49749999 976699999699999 z
- 9997999 4999997 99797779 96996497
; 99499969. 94 49499496 9 9999997 96979949,
2 49 9899699 49769Ξ7 99998779 96997979.
· . 99 989999849994 9998889796949996

99, 9 9997999 49447949 99999789 96979999,

99 9994979 49799· 99949499 96999949.
99 99697. 9814313519¹ 99977997 96948979·

. 99- 99974 99 494999 94, 96996997 96999999

, . 49 49949994999796996999996Ῑ96447479
¹ ⁵⁰·¹⁴⁰·⁴⁰·⁷·⁷*222}3‡⁷⁶3⁷12·2‘3353} 991999·
99 4999999 4497997 9· 6999997 96999749.

τ 99 4994464999.. 99949449 96999477
9· 99 499699949979649697797 96997949
· 49 49799- 99ἷ49994 99 94994994 9· 6699494

9934999994 46477799 9-6232287·9. ⁶653&

²4· 0-406173‘

 

