¹ Ι

66 (14968

annau-pm,

1 r. M. Sinus. Tangens. ¹Longm Logffnngs

a.. -. uun-adh *σι-ιι· ο-

‚xo 017364821763270 9.23 6702 9.2463188
16 1764111 1799178 91467746 91496477
10 17937.46 18233. 18 9.2537609 9.2608625
{3:3323133 8888 888864· {iffi
4618794171919691 91741487 91878484
,74 0 4908090 4949803 99804988 91886413 ,
1619966961974666 91876486 91949489 4
1619641661664148 91999999 99619414 ,
· 9619996791694414 91996449 99684616
. 4020221.7620648.34 9.3058189 9.3148851 ¹
· 50 20506.55 20951.81'9.3118926 ’93941946 ,
11 111791171114464 99138789 99174744
10 ²1075·⁶1 21559.88 33437809 63336463 4
, 1611949881186448 99194988 99997991
96 1164996 11169 47 99949968 99447441
46119178811474-84 99469969 99416968 ¹
46 11111· 48 11786· 69 99464794 99474648
13 022495.1123086.82 9.3520880 9·3⁶33⁶⁴1
’ 1611778441999941 99474146 99696897
1619661491976644 99618891 99747469
9619944441466787 99681849 99869497 ¹
, 463196171911491974 99794199 99848876
· 4619969-8431461414 99784767 99919494
. 14 614191191499186 99896741 99967711
16144749911414166 99887169 94611197
16147461731444164 99996841 94674189
30 93038400 9586976 ’.3985996 94416484
4614919411617194 94694444 94178414

, 461466681163833399, 94681439 94119794

 

