W999999‘99919939191v99
Gt M· 887688 1847797447. Loga9 Sin Log'lm

6 6 ·
7649689 69689 74677677 7467767-
6ο 78677 786 78 77647777 7764766·
76 876· 67 87667 77468469 77468784
46. 11⁶ 99³ 11 6766· 86677767 86678677
76 647779 6474 74 8199908 84667667
7 6874764 6748· 74 86468777 82919299
16 6636 68 6636. 96 83687944 83688846
, 20 737 2327 53 33867769, 86683 949
76 66 67· 69. 6( 18 79 84679696. 8468667ἓ

· 46 6968 47 676976 84676647 8 468487
76 777766 3990· 86 87976447 87676677

2 . 7 6748997 7476 68 87468676 87476878

10 77866 7 77877 99 87777666 87778766
90 4678 76 4994 ⁶9 86677746 86 666947
. 76476 194 4766 67 86796796 86466976
46 4676 77 4677. 77 86676897 86686778
6 . 76 4747, 68 4749 67 86779986 86947676.
“3 6767866 746 78 876844», 87797778
667 776466 7776 91 87466786 87469666
66 7864 48 7864 74 87647666 8. 76467
. 76 6664 87 6686 66 87876777, 8 7864867
“ 46 6797 19 6468 69 88678767 88667 ¹
,96 8984 676643 83797799 8768 1
.j , ”9 9⁶975⁶5 6976. 68 88477847 884464
’ . 10 920 86 7677 67 886468771886647
66 7777 89 7777 77 88766874 88777

76 784796 7876 67 8 8946477 Ι ξ· 3999

8·9271

46 8477 87 866677 89664677
76 846 776 8477 87 89676689

mm

 

