⁸ 636677) :w ’

................-----—·-—--4--—-·

o α 67797 9746 9250 77777 797. 6 ⁸
·1455251585191612141533
-4333 4 9676776
32·4530·46 647 941737 ·21815443
·4' 3··.403444 676 542221 2015554
4 4444 {33 4417444
76644449- 649 9748 77964 15845
25 7664437 6677 9844 7466614947

. 936153 46 67 77 9448 13427 Ῑ6697·

,·76 9773739· 6677 767753 73777 76733
’77 7ο 638 34 6979 767 98 733. 66 767 79
⁸-1211 ·13533 3423 1433 13429 76464
44 3333 3:33 313 333 333 3⁴3
3344} 44 47 43 4³
947, 9. 42³ 44 54
4 3334. 3334 3 4 ..44 453 333
77 7973 4833 6677, 777 43 743 74 77749 ⁸
9776764934 67 77 11444'7514423 77746

73 77 15 96 39 8777 77797 145 77 77339
’7477 77 9736 83 77 779 54 14⁶·.20 174 3·

- »25 24 9 ς.. 38 87 44 11⁶ 47 14718 175 46

6677. 69346 69 36 776 ο 746 76 776 ,7ο
1678636446 86 43 ,·169 3 14814 67766

, ’7876779974 8748 7776 1501117810
ς ²252⁶535⁶463354 1215 15191795·

ι 0275'45743 96· 0¹122·12· 7976 7667
., ⁸13⁸..

 

